Object_Number, X1, Y1, X2, Y2, Face_Area, Eye_Area_Ratio
1, 500, 206, 638, 344, 18769.00, 0.13
2, 500, 207, 638, 345, 18769.00, 0.12
3, 406, 184, 614, 392, 42849.00, 0.05
4, 506, 210, 639, 343, 17424.00, 0.13
5, 412, 186, 616, 390, 41209.00, 0.10
6, 502, 208, 639, 345, 18496.00, 0.11
7, 503, 210, 637, 344, 17689.00, 0.12
8, 501, 208, 634, 341, 17424.00, 0.15
9, 404, 187, 615, 398, 44100.00, 0.04
10, 410, 188, 616, 394, 42025.00, 0.05
11, 505, 212, 634, 341, 16384.00, 0.14
12, 412, 190, 613, 391, 40000.00, 0.04
13, 500, 214, 635, 349, 17956.00, 0.13
14, 507, 218, 634, 345, 15876.00, 0.18
15, 409, 187, 618, 396, 43264.00, 0.06
16, 420, 187, 623, 390, 40804.00, 0.06
17, 506, 216, 635, 345, 16384.00, 0.16
18, 410, 190, 616, 396, 42025.00, 0.04
19, 504, 216, 635, 347, 16900.00, 0.14
20, 503, 216, 635, 348, 17161.00, 0.16
21, 411, 188, 619, 396, 42849.00, 0.06
22, 501, 215, 636, 350, 17956.00, 0.17
23, 415, 189, 622, 396, 42436.00, 0.06
24, 496, 212, 637, 353, 19600.00, 0.13
25, 412, 190, 615, 393, 40804.00, 0.06
26, 490, 209, 637, 356, 21316.00, 0.12
27, 496, 212, 636, 352, 19321.00, 0.12
28, 500, 214, 634, 348, 17689.00, 0.15
29, 495, 211, 633, 349, 18769.00, 0.14
30, 495, 208, 636, 349, 19600.00, 0.15
31, 497, 209, 634, 346, 18496.00, 0.14
32, 494, 207, 635, 348, 19600.00, 0.14
33, 491, 206, 634, 349, 20164.00, 0.15
34, 490, 204, 635, 349, 20736.00, 0.14
35, 488, 203, 633, 348, 20736.00, 0.14
36, 485, 202, 634, 351, 21904.00, 0.11
37, 484, 203, 633, 352, 21904.00, 0.14
38, 483, 202, 633, 352, 22201.00, 0.09
39, 485, 202, 633, 350, 21609.00, 0.11
40, 483, 201, 632, 350, 21904.00, 0.06
41, 483, 200, 631, 348, 21609.00, 0.14
42, 483, 200, 631, 348, 21609.00, 0.14
43, 481, 199, 630, 348, 21904.00, 0.11
44, 476, 197, 629, 350, 23104.00, 0.13
45, 476, 196, 630, 350, 23409.00, 0.12
46, 475, 195, 630, 350, 23716.00, 0.12
47, 474, 194, 631, 351, 24336.00, 0.14
48, 472, 194, 630, 352, 24649.00, 0.12
49, 473, 194, 630, 351, 24336.00, 0.13
50, 472, 194, 631, 353, 24964.00, 0.12
51, 473, 194, 631, 352, 24649.00, 0.11
52, 471, 193, 632, 354, 25600.00, 0.11
53, 471, 193, 632, 354, 25600.00, 0.13
54, 470, 193, 631, 354, 25600.00, 0.13
55, 471, 194, 631, 354, 25281.00, 0.13
56, 472, 193, 631, 352, 24964.00, 0.12
57, 471, 193, 630, 352, 24964.00, 0.12
58, 471, 192, 631, 352, 25281.00, 0.13
59, 471, 193, 630, 352, 24964.00, 0.13
60, 471, 192, 631, 352, 25281.00, 0.12
61, 470, 192, 631, 353, 25600.00, 0.13
62, 470, 192, 630, 352, 25281.00, 0.13
63, 472, 193, 631, 352, 24964.00, 0.12
64, 470, 192, 630, 352, 25281.00, 0.13
65, 471, 193, 631, 353, 25281.00, 0.12
66, 472, 192, 630, 350, 24649.00, 0.14
67, 472, 193, 630, 351, 24649.00, 0.12
68, 471, 192, 631, 352, 25281.00, 0.13
69, 472, 192, 631, 351, 24964.00, 0.12
70, 474, 193, 630, 349, 24025.00, 0.13
71, 473, 193, 631, 351, 24649.00, 0.12
72, 473, 193, 630, 350, 24336.00, 0.13
73, 475, 193, 631, 349, 24025.00, 0.13
74, 473, 193, 630, 350, 24336.00, 0.14
75, 476, 195, 629, 348, 23104.00, 0.13
76, 473, 193, 630, 350, 24336.00, 0.14
77, 472, 193, 629, 350, 24336.00, 0.13
78, 473, 194, 629, 350, 24025.00, 0.13
79, 475, 194, 629, 348, 23409.00, 0.14
80, 474, 193, 631, 350, 24336.00, 0.13
81, 474, 192, 632, 350, 24649.00, 0.12
82, 473, 193, 631, 351, 24649.00, 0.12
83, 472, 193, 631, 352, 24964.00, 0.12
84, 471, 193, 630, 352, 24964.00, 0.12
85, 473, 194, 631, 352, 24649.00, 0.13
86, 474, 195, 629, 350, 23716.00, 0.14
87, 473, 194, 631, 352, 24649.00, 0.12
88, 472, 194, 630, 352, 24649.00, 0.13
89, 474, 195, 630, 351, 24025.00, 0.13
90, 475, 195, 630, 350, 23716.00, 0.14
91, 471, 193, 631, 353, 25281.00, 0.12
92, 474, 194, 632, 352, 24649.00, 0.12
93, 473, 194, 631, 352, 24649.00, 0.12
94, 471, 193, 631, 353, 25281.00, 0.11
95, 471, 193, 630, 352, 24964.00, 0.13
96, 469, 192, 629, 352, 25281.00, 0.12
97, 469, 193, 627, 351, 24649.00, 0.15
98, 463, 191, 626, 354, 26244.00, 0.13
99, 459, 190, 625, 356, 27225.00, 0.14
100, 458, 190, 623, 355, 26896.00, 0.13
101, 453, 189, 621, 357, 27889.00, 0.13
102, 453, 189, 619, 355, 27225.00, 0.13
103, 450, 189, 617, 356, 27556.00, 0.14
104, 446, 189, 617, 360, 28900.00, 0.13
105, 446, 188, 616, 358, 28561.00, 0.13
106, 442, 187, 615, 360, 29584.00, 0.13
107, 441, 187, 614, 360, 29584.00, 0.13
108, 438, 186, 613, 361, 30276.00, 0.12
109, 432, 188, 603, 359, 28900.00, 0.13
110, 428, 186, 603, 361, 30276.00, 0.13
111, 429, 189, 601, 361, 29241.00, 0.12
112, 429, 189, 601, 361, 29241.00, 0.13
113, 426, 189, 601, 364, 30276.00, 0.14
114, 426, 190, 596, 360, 28561.00, 0.14
115, 426, 190, 596, 360, 28561.00, 0.14
116, 420, 188, 597, 365, 30976.00, 0.12
117, 423, 190, 595, 362, 29241.00, 0.13
118, 421, 189, 595, 363, 29929.00, 0.14
119, 420, 189, 596, 365, 30625.00, 0.12
120, 416, 188, 595, 367, 31684.00, 0.12
121, 418, 188, 595, 365, 30976.00, 0.12
122, 415, 188, 595, 368, 32041.00, 0.12
123, 415, 188, 594, 367, 31684.00, 0.12
124, 409, 186, 595, 372, 34225.00, 0.12
125, 410, 186, 595, 371, 33856.00, 0.08
126, 412, 188, 592, 368, 32041.00, 0.07
127, 414, 187, 595, 368, 32400.00, 0.15
128, 414, 187, 594, 367, 32041.00, 0.12
129, 414, 188, 592, 366, 31329.00, 0.11
130, 416, 188, 593, 365, 30976.00, 0.12
131, 416, 188, 594, 366, 31329.00, 0.11
132, 416, 188, 594, 366, 31329.00, 0.11
133, 415, 187, 594, 366, 31684.00, 0.13
134, 414, 186, 595, 367, 32400.00, 0.11
135, 413, 185, 597, 369, 33489.00, 0.12
136, 412, 185, 597, 370, 33856.00, 0.11
137, 412, 185, 596, 369, 33489.00, 0.11
138, 414, 186, 598, 370, 33489.00, 0.10
139, 416, 187, 596, 367, 32041.00, 0.11
140, 415, 187, 595, 367, 32041.00, 0.13
141, 416, 186, 596, 366, 32041.00, 0.11
142, 417, 187, 595, 365, 31329.00, 0.12
143, 418, 188, 596, 366, 31329.00, 0.13
144, 417, 188, 596, 367, 31684.00, 0.34
145, 419, 189, 597, 367, 31329.00, 0.14
146, 417, 188, 595, 366, 31329.00, 0.00
147, 417, 186, 597, 366, 32041.00, 0.12
148, 423, 189, 596, 362, 29584.00, 0.12
149, 422, 188, 596, 362, 29929.00, 0.12
150, 425, 189, 597, 361, 29241.00, 0.12
151, 432, 191, 596, 355, 26569.00, 0.14
152, 432, 190, 596, 354, 26569.00, 0.14
153, 430, 189, 597, 356, 27556.00, 0.13
154, 431, 191, 595, 355, 26569.00, 0.14
155, 431, 189, 597, 355, 27225.00, 0.12
156, 430, 189, 596, 355, 27225.00, 0.13
157, 432, 190, 595, 353, 26244.00, 0.16
158, 434, 192, 595, 353, 25600.00, 0.14
159, 433, 190, 596, 353, 26244.00, 0.17
160, 434, 190, 596, 352, 25921.00, 0.14
161, 429, 188, 598, 357, 28224.00, 0.13
162, 433, 192, 593, 352, 25281.00, 0.13
163, 433, 192, 593, 352, 25281.00, 0.14
164, 431, 190, 597, 356, 27225.00, 0.13
165, 431, 190, 596, 355, 26896.00, 0.13
166, 430, 188, 596, 354, 27225.00, 0.12
167, 432, 190, 597, 355, 26896.00, 0.14
168, 428, 188, 597, 357, 28224.00, 0.12
169, 428, 187, 598, 357, 28561.00, 0.13
170, 428, 186, 600, 358, 29241.00, 0.12
171, 429, 187, 599, 357, 28561.00, 0.11
172, 431, 188, 598, 355, 27556.00, 0.13
173, 431, 188, 599, 356, 27889.00, 0.12
174, 430, 187, 601, 358, 28900.00, 0.13
175, 433, 189, 597, 353, 26569.00, 0.13
176, 431, 188, 598, 355, 27556.00, 0.12
177, 433, 189, 599, 355, 27225.00, 0.12
178, 430, 187, 600, 357, 28561.00, 0.12
179, 431, 187, 599, 355, 27889.00, 0.13
180, 429, 187, 599, 357, 28561.00, 0.12
181, 431, 187, 601, 357, 28561.00, 0.13
182, 430, 186, 602, 358, 29241.00, 0.11
183, 429, 186, 601, 358, 29241.00, 0.13
184, 428, 185, 603, 360, 30276.00, 0.10
185, 432, 187, 602, 357, 28561.00, 0.12
186, 431, 185, 605, 359, 29929.00, 0.12
187, 430, 185, 604, 359, 29929.00, 0.11
188, 432, 186, 604, 358, 29241.00, 0.12
189, 434, 188, 601, 355, 27556.00, 0.12
190, 431, 186, 601, 356, 28561.00, 0.13
191, 431, 185, 604, 358, 29584.00, 0.12
192, 430, 184, 604, 358, 29929.00, 0.11
193, 430, 187, 601, 358, 28900.00, 0.00
194, 428, 185, 604, 361, 30625.00, 0.05
195, 429, 183, 605, 359, 30625.00, 0.00
196, 434, 182, 604, 352, 28561.00, 0.00
197, 432, 179, 603, 350, 28900.00, 0.00
198, 435, 178, 604, 347, 28224.00, 0.12
199, 434, 174, 605, 345, 28900.00, 0.13
200, 436, 174, 602, 340, 27225.00, 0.15
201, 437, 171, 605, 339, 27889.00, 0.13
202, 437, 172, 604, 339, 27556.00, 0.13
203, 435, 169, 605, 339, 28561.00, 0.11
204, 438, 168, 606, 336, 27889.00, 0.12
205, 440, 169, 606, 335, 27225.00, 0.12
206, 440, 169, 606, 335, 27225.00, 0.12
207, 440, 169, 606, 335, 27225.00, 0.13
208, 441, 169, 606, 334, 26896.00, 0.13
209, 440, 168, 606, 334, 27225.00, 0.11
210, 441, 167, 606, 332, 26896.00, 0.11
211, 442, 168, 605, 331, 26244.00, 0.14
212, 446, 169, 603, 326, 24336.00, 0.14
213, 442, 167, 606, 331, 26569.00, 0.13
214, 439, 163, 607, 331, 27889.00, 0.12
215, 439, 163, 606, 330, 27556.00, 0.11
216, 441, 164, 603, 326, 25921.00, 0.14
217, 442, 165, 604, 327, 25921.00, 0.12
218, 442, 165, 604, 327, 25921.00, 0.12
219, 443, 165, 603, 325, 25281.00, 0.15
220, 442, 162, 606, 326, 26569.00, 0.12
221, 443, 162, 604, 323, 25600.00, 0.13
222, 443, 162, 604, 323, 25600.00, 0.13
223, 442, 162, 604, 324, 25921.00, 0.14
224, 442, 162, 603, 323, 25600.00, 0.13
225, 440, 160, 604, 324, 26569.00, 0.15
226, 440, 160, 603, 323, 26244.00, 0.15
227, 441, 160, 602, 321, 25600.00, 0.17
228, 441, 160, 601, 320, 25281.00, 0.12
229, 441, 160, 599, 318, 24649.00, 0.13
230, 440, 159, 600, 319, 25281.00, 0.12
231, 441, 160, 600, 319, 24964.00, 0.13
232, 440, 159, 602, 321, 25921.00, 0.11
233, 442, 162, 599, 319, 24336.00, 0.15
234, 438, 159, 599, 320, 25600.00, 0.12
235, 440, 160, 600, 320, 25281.00, 0.12
236, 440, 160, 599, 319, 24964.00, 0.14
237, 438, 158, 601, 321, 26244.00, 0.12
238, 441, 160, 600, 319, 24964.00, 0.11
239, 440, 160, 600, 320, 25281.00, 0.13
240, 441, 160, 601, 320, 25281.00, 0.13
241, 441, 160, 601, 320, 25281.00, 0.13
242, 441, 160, 601, 320, 25281.00, 0.12
243, 441, 160, 602, 321, 25600.00, 0.14
244, 441, 160, 602, 321, 25600.00, 0.15
245, 442, 161, 603, 322, 25600.00, 0.12
246, 440, 159, 605, 324, 26896.00, 0.11
247, 445, 162, 604, 321, 24964.00, 0.12
248, 444, 162, 602, 320, 24649.00, 0.11
249, 442, 160, 605, 323, 26244.00, 0.11
250, 441, 160, 604, 323, 26244.00, 0.14
251, 441, 161, 602, 322, 25600.00, 0.12
252, 441, 161, 603, 323, 25921.00, 0.11
253, 441, 161, 603, 323, 25921.00, 0.11
254, 440, 160, 605, 325, 26896.00, 0.12
255, 439, 160, 604, 325, 26896.00, 0.15
256, 438, 160, 604, 326, 27225.00, 0.26
257, 437, 159, 603, 325, 27225.00, 0.11
258, 437, 159, 603, 325, 27225.00, 0.15
259, 439, 160, 602, 323, 26244.00, 0.12
260, 438, 161, 601, 324, 26244.00, 0.18
261, 437, 161, 599, 323, 25921.00, 0.12
262, 438, 162, 599, 323, 25600.00, 0.15
263, 436, 160, 600, 324, 26569.00, 0.13
264, 436, 161, 600, 325, 26569.00, 0.12
265, 437, 162, 600, 325, 26244.00, 0.15
266, 437, 162, 600, 325, 26244.00, 0.15
267, 435, 161, 601, 327, 27225.00, 0.11
268, 437, 165, 598, 326, 25600.00, 0.14
269, 435, 164, 599, 328, 26569.00, 0.11
270, 435, 164, 597, 326, 25921.00, 0.17
271, 435, 164, 598, 327, 26244.00, 0.15
272, 435, 164, 599, 328, 26569.00, 0.12
273, 436, 164, 600, 328, 26569.00, 0.11
274, 435, 164, 597, 326, 25921.00, 0.11
275, 435, 164, 598, 327, 26244.00, 0.12
276, 435, 164, 598, 327, 26244.00, 0.12
277, 436, 164, 601, 329, 26896.00, 0.22
278, 435, 164, 602, 331, 27556.00, 0.13
279, 435, 164, 601, 330, 27225.00, 0.13
280, 435, 165, 601, 331, 27225.00, 0.12
281, 434, 164, 601, 331, 27556.00, 0.15
282, 435, 164, 601, 330, 27225.00, 0.14
283, 436, 165, 602, 331, 27225.00, 0.16
284, 435, 166, 601, 332, 27225.00, 0.11
285, 436, 166, 601, 331, 26896.00, 0.13
286, 436, 166, 599, 329, 26244.00, 0.11
287, 436, 166, 601, 331, 26896.00, 0.10
288, 437, 166, 601, 330, 26569.00, 0.11
289, 439, 167, 601, 329, 25921.00, 0.14
290, 441, 169, 602, 330, 25600.00, 0.14
291, 439, 168, 601, 330, 25921.00, 0.13
292, 442, 170, 601, 329, 24964.00, 0.06
293, 440, 169, 602, 331, 25921.00, 0.06
294, 441, 170, 601, 330, 25281.00, 0.13
295, 441, 170, 601, 330, 25281.00, 0.13
296, 439, 169, 603, 333, 26569.00, 0.14
297, 440, 168, 606, 334, 27225.00, 0.11
298, 440, 169, 604, 333, 26569.00, 0.15
299, 442, 169, 605, 332, 26244.00, 0.14
300, 441, 169, 605, 333, 26569.00, 0.24
301, 441, 169, 604, 332, 26244.00, 0.05
302, 441, 168, 606, 333, 26896.00, 0.00
303, 442, 169, 605, 332, 26244.00, 0.11
304, 440, 169, 604, 333, 26569.00, 0.00
305, 440, 169, 605, 334, 26896.00, 0.06
306, 441, 169, 603, 331, 25921.00, 0.07
307, 441, 169, 605, 333, 26569.00, 0.00
308, 441, 169, 605, 333, 26569.00, 0.00
309, 442, 170, 605, 333, 26244.00, 0.05
310, 443, 170, 605, 332, 25921.00, 0.10
311, 442, 169, 604, 331, 25921.00, 0.00
312, 443, 170, 605, 332, 25921.00, 0.04
313, 444, 171, 604, 331, 25281.00, 0.07
314, 443, 171, 604, 332, 25600.00, 0.12
315, 443, 170, 605, 332, 25921.00, 0.06
316, 444, 171, 604, 331, 25281.00, 0.00
317, 444, 171, 604, 331, 25281.00, 0.05
318, 444, 171, 604, 331, 25281.00, 0.20
319, 443, 170, 604, 331, 25600.00, 0.05
320, 445, 172, 604, 331, 24964.00, 0.12
321, 445, 172, 604, 331, 24964.00, 0.12
322, 443, 170, 605, 332, 25921.00, 0.12
323, 443, 171, 603, 331, 25281.00, 0.11
324, 445, 172, 603, 330, 24649.00, 0.11
325, 443, 171, 603, 331, 25281.00, 0.07
326, 445, 172, 602, 329, 24336.00, 0.12
327, 445, 172, 603, 330, 24649.00, 0.17
328, 445, 172, 602, 329, 24336.00, 0.05
329, 443, 172, 602, 331, 24964.00, 0.05
330, 443, 172, 603, 332, 25281.00, 0.13
331, 443, 171, 604, 332, 25600.00, 0.05
332, 442, 171, 603, 332, 25600.00, 0.05
333, 442, 171, 603, 332, 25600.00, 0.05
334, 442, 171, 604, 333, 25921.00, 0.04
335, 442, 170, 605, 333, 26244.00, 0.14
336, 443, 172, 603, 332, 25281.00, 0.06
337, 444, 172, 603, 331, 24964.00, 0.04
338, 444, 171, 606, 333, 25921.00, 0.05
339, 444, 170, 607, 333, 26244.00, 0.00
340, 444, 170, 607, 333, 26244.00, 0.03
341, 445, 172, 607, 334, 25921.00, 0.03
342, 446, 173, 607, 334, 25600.00, 0.05
343, 446, 172, 607, 333, 25600.00, 0.18
344, 446, 172, 608, 334, 25921.00, 0.06
345, 447, 173, 606, 332, 24964.00, 0.05
346, 447, 173, 606, 332, 24964.00, 0.05
347, 448, 173, 607, 332, 24964.00, 0.17
348, 448, 174, 608, 334, 25281.00, 0.05
349, 449, 175, 608, 334, 24964.00, 0.05
350, 448, 175, 607, 334, 24964.00, 0.27
351, 449, 175, 607, 333, 24649.00, 0.27
352, 449, 174, 609, 334, 25281.00, 0.14
353, 449, 174, 609, 334, 25281.00, 0.11
354, 449, 175, 608, 334, 24964.00, 0.07
355, 448, 174, 609, 335, 25600.00, 0.05
356, 448, 174, 609, 335, 25600.00, 0.11
357, 447, 174, 608, 335, 25600.00, 0.22
358, 447, 173, 609, 335, 25921.00, 0.10
359, 447, 173, 609, 335, 25921.00, 0.10
360, 446, 173, 609, 336, 26244.00, 0.11
361, 449, 175, 609, 335, 25281.00, 0.05
362, 450, 174, 610, 334, 25281.00, 0.08
363, 449, 174, 609, 334, 25281.00, 0.13
364, 448, 173, 610, 335, 25921.00, 0.11
365, 447, 174, 609, 336, 25921.00, 0.04
366, 447, 174, 609, 336, 25921.00, 0.04
367, 447, 173, 610, 336, 26244.00, 0.15
368, 446, 173, 610, 337, 26569.00, 0.10
369, 448, 174, 611, 337, 26244.00, 0.03
370, 449, 174, 611, 336, 25921.00, 0.18
371, 449, 174, 611, 336, 25921.00, 0.18
372, 450, 175, 610, 335, 25281.00, 0.24
373, 449, 174, 611, 336, 25921.00, 0.11
374, 450, 175, 611, 336, 25600.00, 0.06
375, 448, 174, 611, 337, 26244.00, 0.15
376, 450, 174, 612, 336, 25921.00, 0.08
377, 448, 173, 612, 337, 26569.00, 0.06
378, 450, 174, 612, 336, 25921.00, 0.13
379, 449, 174, 613, 338, 26569.00, 0.08
380, 450, 174, 612, 336, 25921.00, 0.08
381, 451, 175, 612, 336, 25600.00, 0.23
382, 450, 175, 611, 336, 25600.00, 0.22
383, 449, 174, 612, 337, 26244.00, 0.08
384, 450, 174, 612, 336, 25921.00, 0.21
385, 449, 173, 613, 337, 26569.00, 0.16
386, 449, 174, 613, 338, 26569.00, 0.10
387, 449, 175, 612, 338, 26244.00, 0.13
388, 451, 175, 612, 336, 25600.00, 0.09
389, 451, 175, 612, 336, 25600.00, 0.09
390, 450, 175, 612, 337, 25921.00, 0.08
391, 450, 175, 612, 337, 25921.00, 0.08
392, 450, 174, 612, 336, 25921.00, 0.12
393, 449, 173, 613, 337, 26569.00, 0.08
394, 450, 175, 612, 337, 25921.00, 0.11
395, 450, 175, 612, 337, 25921.00, 0.12
396, 450, 175, 612, 337, 25921.00, 0.07
397, 449, 174, 612, 337, 26244.00, 0.09
398, 451, 175, 612, 336, 25600.00, 0.09
399, 449, 174, 613, 338, 26569.00, 0.11
400, 450, 175, 612, 337, 25921.00, 0.08
401, 449, 174, 612, 337, 26244.00, 0.10
402, 450, 175, 612, 337, 25921.00, 0.11
403, 450, 174, 612, 336, 25921.00, 0.09
404, 449, 174, 612, 337, 26244.00, 0.08
405, 449, 174, 612, 337, 26244.00, 0.09
406, 450, 175, 612, 337, 25921.00, 0.09
407, 451, 175, 612, 336, 25600.00, 0.08
408, 451, 176, 612, 337, 25600.00, 0.04
409, 452, 175, 613, 336, 25600.00, 0.10
410, 450, 174, 613, 337, 26244.00, 0.09
411, 449, 174, 613, 338, 26569.00, 0.20
412, 450, 175, 612, 337, 25921.00, 0.08
413, 450, 175, 612, 337, 25921.00, 0.10
414, 451, 175, 612, 336, 25600.00, 0.28
415, 450, 175, 613, 338, 26244.00, 0.11
416, 452, 176, 612, 336, 25281.00, 0.19
417, 451, 175, 613, 337, 25921.00, 0.12
418, 451, 175, 612, 336, 25600.00, 0.12
419, 450, 174, 612, 336, 25921.00, 0.09
420, 449, 174, 612, 337, 26244.00, 0.16
421, 453, 177, 611, 335, 24649.00, 0.10
422, 451, 176, 612, 337, 25600.00, 0.14
423, 450, 176, 612, 338, 25921.00, 0.08
424, 450, 176, 611, 337, 25600.00, 0.10
425, 450, 176, 612, 338, 25921.00, 0.30
426, 450, 176, 611, 337, 25600.00, 0.11
427, 451, 177, 610, 336, 24964.00, 0.11
428, 449, 176, 611, 338, 25921.00, 0.19
429, 449, 177, 612, 340, 26244.00, 0.08
430, 449, 176, 613, 340, 26569.00, 0.22
431, 449, 177, 612, 340, 26244.00, 0.19
432, 453, 179, 612, 338, 24964.00, 0.26
433, 452, 176, 613, 337, 25600.00, 0.22
434, 453, 176, 614, 337, 25600.00, 0.08
435, 452, 175, 614, 337, 25921.00, 0.07
436, 455, 175, 616, 336, 25600.00, 0.04
437, 458, 176, 618, 336, 25281.00, 0.12
438, 460, 176, 618, 334, 24649.00, 0.08
439, 462, 175, 620, 333, 24649.00, 0.03
440, 468, 177, 621, 330, 23104.00, 0.08
441, 470, 177, 623, 330, 23104.00, 0.04
442, 473, 177, 625, 329, 22801.00, 0.05
443, 475, 178, 626, 329, 22500.00, 0.05
444, 476, 179, 626, 329, 22201.00, 0.06
445, 478, 178, 627, 327, 21904.00, 0.13
446, 481, 180, 628, 327, 21316.00, 0.14
447, 483, 181, 628, 326, 20736.00, 0.12
448, 484, 182, 628, 326, 20449.00, 0.14
449, 484, 183, 628, 327, 20449.00, 0.06
450, 486, 184, 629, 327, 20164.00, 0.12
451, 487, 184, 630, 327, 20164.00, 0.10
452, 483, 182, 630, 329, 21316.00, 0.32
453, 483, 184, 629, 330, 21025.00, 0.10
454, 481, 183, 629, 331, 21609.00, 0.11
455, 483, 184, 628, 329, 20736.00, 0.05
456, 481, 183, 628, 330, 21316.00, 0.04
457, 481, 184, 628, 331, 21316.00, 0.10
458, 481, 184, 628, 331, 21316.00, 0.05
459, 479, 183, 627, 331, 21609.00, 0.09
460, 479, 184, 628, 333, 21904.00, 0.18
461, 476, 182, 629, 335, 23104.00, 0.04
462, 477, 184, 627, 334, 22201.00, 0.21
463, 472, 182, 627, 337, 23716.00, 0.05
464, 475, 183, 626, 334, 22500.00, 0.11
465, 475, 183, 626, 334, 22500.00, 0.12
466, 474, 182, 627, 335, 23104.00, 0.10
467, 473, 182, 627, 336, 23409.00, 0.09
468, 474, 183, 627, 336, 23104.00, 0.11
469, 475, 183, 627, 335, 22801.00, 0.08
470, 472, 182, 627, 337, 23716.00, 0.10
471, 472, 182, 626, 336, 23409.00, 0.09
472, 472, 182, 626, 336, 23409.00, 0.09
473, 472, 183, 626, 337, 23409.00, 0.12
474, 470, 182, 626, 338, 24025.00, 0.10
475, 471, 186, 627, 342, 24025.00, 0.00
476, 467, 187, 627, 347, 25281.00, 0.00
477, 466, 191, 625, 350, 24964.00, 0.00
478, 461, 192, 624, 355, 26244.00, 0.15
479, 462, 194, 624, 356, 25921.00, 0.12
480, 458, 194, 624, 360, 27225.00, 0.11
481, 456, 195, 623, 362, 27556.00, 0.12
482, 453, 193, 625, 365, 29241.00, 0.11
483, 458, 196, 625, 363, 27556.00, 0.13
484, 457, 196, 624, 363, 27556.00, 0.13
485, 458, 196, 623, 361, 26896.00, 0.15
486, 458, 198, 622, 362, 26569.00, 0.15
487, 456, 197, 623, 364, 27556.00, 0.14
488, 457, 198, 621, 362, 26569.00, 0.14
489, 456, 196, 623, 363, 27556.00, 0.14
490, 454, 196, 621, 363, 27556.00, 0.14
491, 455, 196, 623, 364, 27889.00, 0.14
492, 454, 196, 623, 365, 28224.00, 0.14
493, 452, 196, 623, 367, 28900.00, 0.14
494, 452, 196, 623, 367, 28900.00, 0.14
495, 451, 196, 623, 368, 29241.00, 0.13
496, 451, 195, 624, 368, 29584.00, 0.14
497, 452, 196, 623, 367, 28900.00, 0.15
498, 450, 197, 622, 369, 29241.00, 0.13
499, 449, 196, 624, 371, 30276.00, 0.13
500, 448, 195, 624, 371, 30625.00, 0.13
501, 450, 197, 622, 369, 29241.00, 0.13
502, 452, 198, 622, 368, 28561.00, 0.14
503, 450, 198, 621, 369, 28900.00, 0.14
504, 448, 197, 621, 370, 29584.00, 0.13
